version 2
run General-0-20150730-17:39:49-15059
attr configname General
attr datetime 20150730-17:39:49
attr experiment 1402246.1
attr inifile omnetpp_1402246.1.ini
attr iterationvars ""
attr iterationvars2 $repetition=0
attr measurement ""
attr network kdet
attr processid 15059
attr repetition 0
attr replication #0
attr resultdir results
attr runnumber 0
attr seedset 0

vector 393  kdet.ta  coreRealDropProbability  ETV
393	320596	24.5	0
393	320596	24.5	0
393	320596	24.5	0
393	320596	24.5	0
393	320596	24.5	0
393	320596	24.5	0
393	320596	24.5	0
393	320596	24.5	0
393	320596	24.5	0
393	320596	24.5	0
393	320596	24.5	0
393	320596	24.5	0
393	320596	24.5	0
393	320596	24.5	0
393	320596	24.5	0
393	320596	24.5	0
393	320596	24.5	0
393	320596	24.5	0
393	320596	24.5	0
393	320596	24.5	0
393	320596	24.5	0
393	320596	24.5	0
393	320596	24.5	0
393	320596	24.5	0
393	320596	24.5	0
393	320596	24.5	0
393	320596	24.5	0
393	320596	24.5	0
393	562440	29.5	0
393	562440	29.5	0
393	562440	29.5	0
393	562440	29.5	0
393	562440	29.5	0
393	562440	29.5	0
393	562440	29.5	0
393	562440	29.5	0
393	562440	29.5	0
393	562440	29.5	0
393	562440	29.5	0
393	562440	29.5	0
393	562440	29.5	0
393	562440	29.5	0
393	562440	29.5	0
393	562440	29.5	0
393	562440	29.5	0
393	562440	29.5	0
393	562440	29.5	0
393	562440	29.5	0
393	562440	29.5	0
393	562440	29.5	0
393	562440	29.5	0
393	562440	29.5	0
393	562440	29.5	0
393	562440	29.5	0
393	562440	29.5	0
393	562440	29.5	0
393	803115	34.5	0
393	803115	34.5	0
393	803115	34.5	0
393	803115	34.5	0
393	803115	34.5	0
393	803115	34.5	0
393	803115	34.5	0
393	803115	34.5	0
393	803115	34.5	0
393	803115	34.5	0
393	803115	34.5	0
393	803115	34.5	0
393	803115	34.5	0
393	803115	34.5	0
393	803115	34.5	0
393	803115	34.5	0
393	803115	34.5	0
393	803115	34.5	0
393	803115	34.5	0
393	803115	34.5	0
393	803115	34.5	0
393	803115	34.5	0
393	803115	34.5	0
393	803115	34.5	0
393	803115	34.5	0
393	803115	34.5	0
393	803115	34.5	0
393	803115	34.5	0
393	1031989	39.5	0
393	1031989	39.5	0
393	1031989	39.5	0
393	1031989	39.5	0
393	1031989	39.5	0
393	1031989	39.5	0
393	1031989	39.5	0
393	1031989	39.5	0
393	1031989	39.5	0
393	1031989	39.5	0
393	1031989	39.5	0
393	1031989	39.5	0
393	1031989	39.5	0
393	1031989	39.5	0
393	1031989	39.5	0
393	1031989	39.5	0
393	1031989	39.5	0
393	1031989	39.5	0
393	1031989	39.5	0
393	1031989	39.5	0
393	1031989	39.5	0
393	1031989	39.5	0
393	1031989	39.5	0
393	1031989	39.5	0
393	1031989	39.5	0
393	1031989	39.5	0
393	1031989	39.5	0
393	1031989	39.5	0
393	1258344	44.5	0
393	1258344	44.5	0
393	1258344	44.5	0
393	1258344	44.5	0
393	1258344	44.5	0
393	1258344	44.5	0
393	1258344	44.5	0
393	1258344	44.5	0
393	1258344	44.5	0
393	1258344	44.5	0
393	1258344	44.5	0
393	1258344	44.5	0
393	1258344	44.5	0
393	1258344	44.5	0
393	1258344	44.5	0
393	1258344	44.5	0
393	1258344	44.5	0
393	1258344	44.5	0
393	1258344	44.5	0
393	1258344	44.5	0
393	1258344	44.5	0
393	1258344	44.5	0
393	1258344	44.5	0
393	1258344	44.5	0
393	1258344	44.5	0
393	1258344	44.5	0
393	1258344	44.5	0
393	1258344	44.5	0
393	1513886	49.5	0
393	1513886	49.5	0
393	1513886	49.5	0
393	1513886	49.5	0
393	1513886	49.5	0
393	1513886	49.5	0
393	1513886	49.5	0
393	1513886	49.5	0
393	1513886	49.5	0
393	1513886	49.5	0
393	1513886	49.5	0
393	1513886	49.5	0
393	1513886	49.5	0
393	1513886	49.5	0
393	1513886	49.5	0
393	1513886	49.5	0
393	1513886	49.5	0
393	1513886	49.5	0
393	1513886	49.5	0
393	1513886	49.5	0
393	1513886	49.5	0
393	1513886	49.5	0
393	1513886	49.5	0
393	1513886	49.5	0
393	1513886	49.5	0
393	1513886	49.5	0
393	1513886	49.5	0
393	1513886	49.5	0
393	1763119	54.5	0
393	1763119	54.5	0
393	1763119	54.5	0
393	1763119	54.5	0
393	1763119	54.5	0
393	1763119	54.5	0
393	1763119	54.5	0
393	1763119	54.5	0
393	1763119	54.5	0
393	1763119	54.5	0
393	1763119	54.5	0
393	1763119	54.5	0
393	1763119	54.5	0
393	1763119	54.5	0
393	1763119	54.5	0
393	1763119	54.5	0
393	1763119	54.5	0
393	1763119	54.5	0
393	1763119	54.5	0
393	1763119	54.5	0
393	1763119	54.5	0
393	1763119	54.5	0
393	1763119	54.5	0
393	1763119	54.5	0
393	1763119	54.5	0
393	1763119	54.5	0
393	1763119	54.5	0
393	1763119	54.5	0
393	2002183	59.5	0
393	2002183	59.5	0
393	2002183	59.5	0
393	2002183	59.5	0
393	2002183	59.5	0
393	2002183	59.5	0
393	2002183	59.5	0
393	2002183	59.5	0
393	2002183	59.5	0
393	2002183	59.5	0
393	2002183	59.5	0
393	2002183	59.5	0
393	2002183	59.5	0
393	2002183	59.5	0
393	2002183	59.5	0
393	2002183	59.5	0
393	2002183	59.5	0
393	2002183	59.5	0
393	2002183	59.5	0
393	2002183	59.5	0
393	2002183	59.5	0
393	2002183	59.5	0
393	2002183	59.5	0
393	2002183	59.5	0
393	2002183	59.5	0
393	2002183	59.5	0
393	2002183	59.5	0
393	2002183	59.5	0
393	2250943	64.5	0
393	2250943	64.5	0
393	2250943	64.5	0
393	2250943	64.5	0
393	2250943	64.5	0
393	2250943	64.5	0
393	2250943	64.5	0
393	2250943	64.5	0
393	2250943	64.5	0
393	2250943	64.5	0
393	2250943	64.5	0
393	2250943	64.5	0
393	2250943	64.5	0
393	2250943	64.5	0
393	2250943	64.5	0
393	2250943	64.5	0
393	2250943	64.5	0
393	2250943	64.5	0
393	2250943	64.5	0
393	2250943	64.5	0
393	2250943	64.5	0
393	2250943	64.5	0
393	2250943	64.5	0
393	2250943	64.5	0
393	2250943	64.5	0
393	2250943	64.5	0
393	2250943	64.5	0
393	2250943	64.5	0
393	2483424	69.5	0
393	2483424	69.5	0
393	2483424	69.5	0
393	2483424	69.5	0
393	2483424	69.5	0
393	2483424	69.5	0
393	2483424	69.5	0
393	2483424	69.5	0
393	2483424	69.5	0
393	2483424	69.5	0
393	2483424	69.5	0
393	2483424	69.5	0
393	2483424	69.5	0
393	2483424	69.5	0
393	2483424	69.5	0
393	2483424	69.5	0
393	2483424	69.5	0
393	2483424	69.5	0
393	2483424	69.5	0
393	2483424	69.5	0
393	2483424	69.5	0
393	2483424	69.5	0
393	2483424	69.5	0
393	2483424	69.5	0
393	2483424	69.5	0
393	2483424	69.5	0
393	2483424	69.5	0
393	2483424	69.5	0
393	2725093	74.5	0
393	2725093	74.5	0
393	2725093	74.5	0
393	2725093	74.5	0
393	2725093	74.5	0
393	2725093	74.5	0
393	2725093	74.5	0
393	2725093	74.5	0
393	2725093	74.5	0
393	2725093	74.5	0
393	2725093	74.5	0
393	2725093	74.5	0
393	2725093	74.5	0
393	2725093	74.5	0
393	2725093	74.5	0
393	2725093	74.5	0
393	2725093	74.5	0
393	2725093	74.5	0
393	2725093	74.5	0
393	2725093	74.5	0
393	2725093	74.5	0
393	2725093	74.5	0
393	2725093	74.5	0
393	2725093	74.5	0
393	2725093	74.5	0
393	2725093	74.5	0
393	2725093	74.5	0
393	2725093	74.5	0
393	2964089	79.5	0
393	2964089	79.5	0
393	2964089	79.5	0
393	2964089	79.5	0
393	2964089	79.5	0
393	2964089	79.5	0
393	2964089	79.5	0
393	2964089	79.5	0
393	2964089	79.5	0
393	2964089	79.5	0
393	2964089	79.5	0
393	2964089	79.5	0
393	2964089	79.5	0
393	2964089	79.5	0
393	2964089	79.5	0
393	2964089	79.5	0
393	2964089	79.5	0
393	2964089	79.5	0
393	2964089	79.5	0
393	2964089	79.5	0
393	2964089	79.5	0
393	2964089	79.5	0
393	2964089	79.5	0
393	2964089	79.5	0
393	2964089	79.5	0
393	2964089	79.5	0
393	2964089	79.5	0
393	2964089	79.5	0
393	3198120	84.5	0
393	3198120	84.5	0
393	3198120	84.5	0
393	3198120	84.5	0
393	3198120	84.5	0
393	3198120	84.5	0
393	3198120	84.5	0
393	3198120	84.5	0
393	3198120	84.5	0
393	3198120	84.5	0
393	3198120	84.5	0
393	3198120	84.5	0
393	3198120	84.5	0
393	3198120	84.5	0
393	3198120	84.5	0
393	3198120	84.5	0
393	3198120	84.5	0
393	3198120	84.5	0
393	3198120	84.5	0
393	3198120	84.5	0
393	3198120	84.5	0
393	3198120	84.5	0
393	3198120	84.5	0
393	3198120	84.5	0
393	3198120	84.5	0
393	3198120	84.5	0
393	3198120	84.5	0
393	3198120	84.5	0
393	3445946	89.5	0
393	3445946	89.5	0
393	3445946	89.5	0
393	3445946	89.5	0
393	3445946	89.5	0
393	3445946	89.5	0
393	3445946	89.5	0
393	3445946	89.5	0
393	3445946	89.5	0
393	3445946	89.5	0
393	3445946	89.5	0
393	3445946	89.5	0
393	3445946	89.5	0
393	3445946	89.5	0
393	3445946	89.5	0
393	3445946	89.5	0
393	3445946	89.5	0
393	3445946	89.5	0
393	3445946	89.5	0
393	3445946	89.5	0
393	3445946	89.5	0
393	3445946	89.5	0
393	3445946	89.5	0
393	3445946	89.5	0
393	3445946	89.5	0
393	3445946	89.5	0
393	3445946	89.5	0
393	3445946	89.5	0
393	3675692	94.5	0
393	3675692	94.5	0
393	3675692	94.5	0
393	3675692	94.5	0
393	3675692	94.5	0
393	3675692	94.5	0
393	3675692	94.5	0
393	3675692	94.5	0
393	3675692	94.5	0
393	3675692	94.5	0
393	3675692	94.5	0
393	3675692	94.5	0
393	3675692	94.5	0
393	3675692	94.5	0
393	3675692	94.5	0
393	3675692	94.5	0
393	3675692	94.5	0
393	3675692	94.5	0
393	3675692	94.5	0
393	3675692	94.5	0
393	3675692	94.5	0
393	3675692	94.5	0
393	3675692	94.5	0
393	3675692	94.5	0
393	3675692	94.5	0
393	3675692	94.5	0
393	3675692	94.5	0
393	3675692	94.5	0
393	3914064	99.5	0
393	3914064	99.5	0
393	3914064	99.5	0
393	3914064	99.5	0
393	3914064	99.5	0
393	3914064	99.5	0
393	3914064	99.5	0
393	3914064	99.5	0
393	3914064	99.5	0
393	3914064	99.5	0
393	3914064	99.5	0
393	3914064	99.5	0
393	3914064	99.5	0
393	3914064	99.5	0
393	3914064	99.5	0
393	3914064	99.5	0
393	3914064	99.5	0
393	3914064	99.5	0
393	3914064	99.5	0
393	3914064	99.5	0
393	3914064	99.5	0
393	3914064	99.5	0
393	3914064	99.5	0
393	3914064	99.5	0
393	3914064	99.5	0
393	3914064	99.5	0
393	3914064	99.5	0
393	3914064	99.5	0
393	4157872	104.5	0
393	4157872	104.5	0
393	4157872	104.5	0
393	4157872	104.5	0
393	4157872	104.5	0
393	4157872	104.5	0
393	4157872	104.5	0
393	4157872	104.5	0
393	4157872	104.5	0
393	4157872	104.5	0
393	4157872	104.5	0
393	4157872	104.5	0
393	4157872	104.5	0
393	4157872	104.5	0
393	4157872	104.5	0
393	4157872	104.5	0
393	4157872	104.5	0
393	4157872	104.5	0
393	4157872	104.5	0
393	4157872	104.5	0
393	4157872	104.5	0
393	4157872	104.5	0
393	4157872	104.5	0
393	4157872	104.5	0
393	4157872	104.5	0
393	4157872	104.5	0
393	4157872	104.5	0
393	4157872	104.5	0
393	4390918	109.5	0
393	4390918	109.5	0
393	4390918	109.5	0
393	4390918	109.5	0
393	4390918	109.5	0
393	4390918	109.5	0
393	4390918	109.5	0
393	4390918	109.5	0
393	4390918	109.5	0
393	4390918	109.5	0
393	4390918	109.5	0
393	4390918	109.5	0
393	4390918	109.5	0
393	4390918	109.5	0
393	4390918	109.5	0
393	4390918	109.5	0
393	4390918	109.5	0
393	4390918	109.5	0
393	4390918	109.5	0
393	4390918	109.5	0
393	4390918	109.5	0
393	4390918	109.5	0
393	4390918	109.5	0
393	4390918	109.5	0
393	4390918	109.5	0
393	4390918	109.5	0
393	4390918	109.5	0
393	4390918	109.5	0
393	4648816	114.5	0
393	4648816	114.5	0
393	4648816	114.5	0
393	4648816	114.5	0
393	4648816	114.5	0
393	4648816	114.5	0
393	4648816	114.5	0
393	4648816	114.5	0
393	4648816	114.5	0
393	4648816	114.5	0
393	4648816	114.5	0
393	4648816	114.5	0
393	4648816	114.5	0
393	4648816	114.5	0
393	4648816	114.5	0
393	4648816	114.5	0
393	4648816	114.5	0
393	4648816	114.5	0
393	4648816	114.5	0
393	4648816	114.5	0
393	4648816	114.5	0
393	4648816	114.5	0
393	4648816	114.5	0
393	4648816	114.5	0
393	4648816	114.5	0
393	4648816	114.5	0
393	4648816	114.5	0
393	4648816	114.5	0
393	4889939	119.5	0
393	4889939	119.5	0
393	4889939	119.5	0
393	4889939	119.5	0
393	4889939	119.5	0
393	4889939	119.5	0
393	4889939	119.5	0
393	4889939	119.5	0
393	4889939	119.5	0
393	4889939	119.5	0
393	4889939	119.5	0
393	4889939	119.5	0
393	4889939	119.5	0
393	4889939	119.5	0
393	4889939	119.5	0
393	4889939	119.5	0
393	4889939	119.5	0
393	4889939	119.5	0
393	4889939	119.5	0
393	4889939	119.5	0
393	4889939	119.5	0
393	4889939	119.5	0
393	4889939	119.5	0
393	4889939	119.5	0
393	4889939	119.5	0
393	4889939	119.5	0
393	4889939	119.5	0
393	4889939	119.5	0
393	5121415	124.5	0
393	5121415	124.5	0
393	5121415	124.5	0
393	5121415	124.5	0
393	5121415	124.5	0
393	5121415	124.5	0
393	5121415	124.5	0
393	5121415	124.5	0
393	5121415	124.5	0
393	5121415	124.5	0
393	5121415	124.5	0
393	5121415	124.5	0
393	5121415	124.5	0
393	5121415	124.5	0
393	5121415	124.5	0
393	5121415	124.5	0
393	5121415	124.5	0
393	5121415	124.5	0
393	5121415	124.5	0
393	5121415	124.5	0
393	5121415	124.5	0
393	5121415	124.5	0
393	5121415	124.5	0
393	5121415	124.5	0
393	5121415	124.5	0
393	5121415	124.5	0
393	5121415	124.5	0
393	5121415	124.5	0
393	5365492	129.5	0
393	5365492	129.5	0
393	5365492	129.5	0
393	5365492	129.5	0
393	5365492	129.5	0
393	5365492	129.5	0
393	5365492	129.5	0
393	5365492	129.5	0
393	5365492	129.5	0
393	5365492	129.5	0
393	5365492	129.5	0
393	5365492	129.5	0
393	5365492	129.5	0
393	5365492	129.5	0
393	5365492	129.5	0
393	5365492	129.5	0
393	5365492	129.5	0
393	5365492	129.5	0
393	5365492	129.5	0
393	5365492	129.5	0
393	5365492	129.5	0
393	5365492	129.5	0
393	5365492	129.5	0
393	5365492	129.5	0
393	5365492	129.5	0
393	5365492	129.5	0
393	5365492	129.5	0
393	5365492	129.5	0
393	5600658	134.5	0
393	5600658	134.5	0
393	5600658	134.5	0
393	5600658	134.5	0
393	5600658	134.5	0
393	5600658	134.5	0
393	5600658	134.5	0
393	5600658	134.5	0
393	5600658	134.5	0
393	5600658	134.5	0
393	5600658	134.5	0
393	5600658	134.5	0
393	5600658	134.5	0
393	5600658	134.5	0
393	5600658	134.5	0
393	5600658	134.5	0
393	5600658	134.5	0
393	5600658	134.5	0
393	5600658	134.5	0
393	5600658	134.5	0
393	5600658	134.5	0
393	5600658	134.5	0
393	5600658	134.5	0
393	5600658	134.5	0
393	5600658	134.5	0
393	5600658	134.5	0
393	5600658	134.5	0
393	5600658	134.5	0
393	5837197	139.5	0
393	5837197	139.5	0
393	5837197	139.5	0
393	5837197	139.5	0
393	5837197	139.5	0
393	5837197	139.5	0
393	5837197	139.5	0
393	5837197	139.5	0
393	5837197	139.5	0
393	5837197	139.5	0
393	5837197	139.5	0
393	5837197	139.5	0
393	5837197	139.5	0
393	5837197	139.5	0
393	5837197	139.5	0
393	5837197	139.5	0
393	5837197	139.5	0
393	5837197	139.5	0
393	5837197	139.5	0
393	5837197	139.5	0
393	5837197	139.5	0
393	5837197	139.5	0
393	5837197	139.5	0
393	5837197	139.5	0
393	5837197	139.5	0
393	5837197	139.5	0
393	5837197	139.5	0
393	5837197	139.5	0
393	6070816	144.5	0
393	6070816	144.5	0
393	6070816	144.5	0
393	6070816	144.5	0
393	6070816	144.5	0
393	6070816	144.5	0
393	6070816	144.5	0
393	6070816	144.5	0
393	6070816	144.5	0
393	6070816	144.5	0
393	6070816	144.5	0
393	6070816	144.5	0
393	6070816	144.5	0
393	6070816	144.5	0
393	6070816	144.5	0
393	6070816	144.5	0
393	6070816	144.5	0
393	6070816	144.5	0
393	6070816	144.5	0
393	6070816	144.5	0
393	6070816	144.5	0
393	6070816	144.5	0
393	6070816	144.5	0
393	6070816	144.5	0
393	6070816	144.5	0
393	6070816	144.5	0
393	6070816	144.5	0
393	6070816	144.5	0
393	6305101	149.5	0
393	6305101	149.5	0
393	6305101	149.5	0
393	6305101	149.5	0
393	6305101	149.5	0
393	6305101	149.5	0
393	6305101	149.5	0
393	6305101	149.5	0
393	6305101	149.5	0
393	6305101	149.5	0
393	6305101	149.5	0
393	6305101	149.5	0
393	6305101	149.5	0
393	6305101	149.5	0
393	6305101	149.5	0
393	6305101	149.5	0
393	6305101	149.5	0
393	6305101	149.5	0
393	6305101	149.5	0
393	6305101	149.5	0
393	6305101	149.5	0
393	6305101	149.5	0
393	6305101	149.5	0
393	6305101	149.5	0
393	6305101	149.5	0
393	6305101	149.5	0
393	6305101	149.5	0
393	6305101	149.5	0
393	6532273	154.5	0
393	6532273	154.5	0
393	6532273	154.5	0
393	6532273	154.5	0
393	6532273	154.5	0
393	6532273	154.5	0
393	6532273	154.5	0
393	6532273	154.5	0
393	6532273	154.5	0
393	6532273	154.5	0
393	6532273	154.5	0
393	6532273	154.5	0
393	6532273	154.5	0
393	6532273	154.5	0
393	6532273	154.5	0
393	6532273	154.5	0
393	6532273	154.5	0
393	6532273	154.5	0
393	6532273	154.5	0
393	6532273	154.5	0
393	6532273	154.5	0
393	6532273	154.5	0
393	6532273	154.5	0
393	6532273	154.5	0
393	6532273	154.5	0
393	6532273	154.5	0
393	6532273	154.5	0
393	6532273	154.5	0
393	6769452	159.5	0
393	6769452	159.5	0
393	6769452	159.5	0
393	6769452	159.5	0
393	6769452	159.5	0
393	6769452	159.5	0
393	6769452	159.5	0
393	6769452	159.5	0
393	6769452	159.5	0
393	6769452	159.5	0
393	6769452	159.5	0
393	6769452	159.5	0
393	6769452	159.5	0
393	6769452	159.5	0
393	6769452	159.5	0
393	6769452	159.5	0
393	6769452	159.5	0
393	6769452	159.5	0
393	6769452	159.5	0
393	6769452	159.5	0
393	6769452	159.5	0
393	6769452	159.5	0
393	6769452	159.5	0
393	6769452	159.5	0
393	6769452	159.5	0
393	6769452	159.5	0
393	6769452	159.5	0
393	6769452	159.5	0
393	7006145	164.5	0
393	7006145	164.5	0
393	7006145	164.5	0
393	7006145	164.5	0
393	7006145	164.5	0
393	7006145	164.5	0
393	7006145	164.5	0
393	7006145	164.5	0
393	7006145	164.5	0
393	7006145	164.5	0
393	7006145	164.5	0
393	7006145	164.5	0
393	7006145	164.5	0
393	7006145	164.5	0
393	7006145	164.5	0
393	7006145	164.5	0
393	7006145	164.5	0
393	7006145	164.5	0
393	7006145	164.5	0
393	7006145	164.5	0
393	7006145	164.5	0
393	7006145	164.5	0
393	7006145	164.5	0
393	7006145	164.5	0
393	7006145	164.5	0
393	7006145	164.5	0
393	7006145	164.5	0
393	7006145	164.5	0
393	7252963	169.5	0
393	7252963	169.5	0
393	7252963	169.5	0
393	7252963	169.5	0
393	7252963	169.5	0
393	7252963	169.5	0
393	7252963	169.5	0
393	7252963	169.5	0
393	7252963	169.5	0
393	7252963	169.5	0
393	7252963	169.5	0
393	7252963	169.5	0
393	7252963	169.5	0
393	7252963	169.5	0
393	7252963	169.5	0
393	7252963	169.5	0
393	7252963	169.5	0
393	7252963	169.5	0
393	7252963	169.5	0
393	7252963	169.5	0
393	7252963	169.5	0
393	7252963	169.5	0
393	7252963	169.5	0
393	7252963	169.5	0
393	7252963	169.5	0
393	7252963	169.5	0
393	7252963	169.5	0
393	7252963	169.5	0
393	7493275	174.5	0
393	7493275	174.5	0
393	7493275	174.5	0
393	7493275	174.5	0
393	7493275	174.5	0
393	7493275	174.5	0
393	7493275	174.5	0
393	7493275	174.5	0
393	7493275	174.5	0
393	7493275	174.5	0
393	7493275	174.5	0
393	7493275	174.5	0
393	7493275	174.5	0
393	7493275	174.5	0
393	7493275	174.5	0
393	7493275	174.5	0
393	7493275	174.5	0
393	7493275	174.5	0
393	7493275	174.5	0
393	7493275	174.5	0
393	7493275	174.5	0
393	7493275	174.5	0
393	7493275	174.5	0
393	7493275	174.5	0
393	7493275	174.5	0
393	7493275	174.5	0
393	7493275	174.5	0
393	7493275	174.5	0
393	7722121	179.5	0
393	7722121	179.5	0
393	7722121	179.5	0
393	7722121	179.5	0
393	7722121	179.5	0
393	7722121	179.5	0
393	7722121	179.5	0
393	7722121	179.5	0
393	7722121	179.5	0
393	7722121	179.5	0
393	7722121	179.5	0
393	7722121	179.5	0
393	7722121	179.5	0
393	7722121	179.5	0
393	7722121	179.5	0
393	7722121	179.5	0
393	7722121	179.5	0
393	7722121	179.5	0
393	7722121	179.5	0
393	7722121	179.5	0
393	7722121	179.5	0
393	7722121	179.5	0
393	7722121	179.5	0
393	7722121	179.5	0
393	7722121	179.5	0
393	7722121	179.5	0
393	7722121	179.5	0
393	7722121	179.5	0
393	7977747	184.5	0
393	7977747	184.5	0
393	7977747	184.5	0
393	7977747	184.5	0
393	7977747	184.5	0
393	7977747	184.5	0
393	7977747	184.5	0
393	7977747	184.5	0
393	7977747	184.5	0
393	7977747	184.5	0
393	7977747	184.5	0
393	7977747	184.5	0
393	7977747	184.5	0
393	7977747	184.5	0
393	7977747	184.5	0
393	7977747	184.5	0
393	7977747	184.5	0
393	7977747	184.5	0
393	7977747	184.5	0
393	7977747	184.5	0
393	7977747	184.5	0
393	7977747	184.5	0
393	7977747	184.5	0
393	7977747	184.5	0
393	7977747	184.5	0
393	7977747	184.5	0
393	7977747	184.5	0
393	7977747	184.5	0
393	8226094	189.5	0
393	8226094	189.5	0
393	8226094	189.5	0
393	8226094	189.5	0
393	8226094	189.5	0
393	8226094	189.5	0
393	8226094	189.5	0
393	8226094	189.5	0
393	8226094	189.5	0
393	8226094	189.5	0
393	8226094	189.5	0
393	8226094	189.5	0
393	8226094	189.5	0
393	8226094	189.5	0
393	8226094	189.5	0
393	8226094	189.5	0
393	8226094	189.5	0
393	8226094	189.5	0
393	8226094	189.5	0
393	8226094	189.5	0
393	8226094	189.5	0
393	8226094	189.5	0
393	8226094	189.5	0
393	8226094	189.5	0
393	8226094	189.5	0
393	8226094	189.5	0
393	8226094	189.5	0
393	8226094	189.5	0
393	8468078	194.5	0
393	8468078	194.5	0
393	8468078	194.5	0
393	8468078	194.5	0
393	8468078	194.5	0
393	8468078	194.5	0
393	8468078	194.5	0
393	8468078	194.5	0
393	8468078	194.5	0
393	8468078	194.5	0
393	8468078	194.5	0
393	8468078	194.5	0
393	8468078	194.5	0
393	8468078	194.5	0
393	8468078	194.5	0
393	8468078	194.5	0
393	8468078	194.5	0
393	8468078	194.5	0
393	8468078	194.5	0
393	8468078	194.5	0
393	8468078	194.5	0
393	8468078	194.5	0
393	8468078	194.5	0
393	8468078	194.5	0
393	8468078	194.5	0
393	8468078	194.5	0
393	8468078	194.5	0
393	8468078	194.5	0
393	8717759	199.5	0
393	8717759	199.5	0
393	8717759	199.5	0
393	8717759	199.5	0
393	8717759	199.5	0
393	8717759	199.5	0
393	8717759	199.5	0
393	8717759	199.5	0
393	8717759	199.5	0
393	8717759	199.5	0
393	8717759	199.5	0
393	8717759	199.5	0
393	8717759	199.5	0
393	8717759	199.5	0
393	8717759	199.5	0
393	8717759	199.5	0
393	8717759	199.5	0
393	8717759	199.5	0
393	8717759	199.5	0
393	8717759	199.5	0
393	8717759	199.5	0
393	8717759	199.5	0
393	8717759	199.5	0
393	8717759	199.5	0
393	8717759	199.5	0
393	8717759	199.5	0
393	8717759	199.5	0
393	8717759	199.5	0
393	8955024	204.5	0
393	8955024	204.5	0
393	8955024	204.5	0
393	8955024	204.5	0
393	8955024	204.5	0
393	8955024	204.5	0
393	8955024	204.5	0
393	8955024	204.5	0
393	8955024	204.5	0
393	8955024	204.5	0
393	8955024	204.5	0
393	8955024	204.5	0
393	8955024	204.5	0
393	8955024	204.5	0
393	8955024	204.5	0
393	8955024	204.5	0
393	8955024	204.5	0
393	8955024	204.5	0
393	8955024	204.5	0
393	8955024	204.5	0
393	8955024	204.5	0
393	8955024	204.5	0
393	8955024	204.5	0
393	8955024	204.5	0
393	8955024	204.5	0
393	8955024	204.5	0
393	8955024	204.5	0
393	8955024	204.5	0
393	9199342	209.5	0
393	9199342	209.5	0
393	9199342	209.5	0
393	9199342	209.5	0
393	9199342	209.5	0
393	9199342	209.5	0
393	9199342	209.5	0
393	9199342	209.5	0
393	9199342	209.5	0
393	9199342	209.5	0
393	9199342	209.5	0
393	9199342	209.5	0
393	9199342	209.5	0
393	9199342	209.5	0
393	9199342	209.5	0
393	9199342	209.5	0
393	9199342	209.5	0
393	9199342	209.5	0
393	9199342	209.5	0
393	9199342	209.5	0
393	9199342	209.5	0
393	9199342	209.5	0
393	9199342	209.5	0
393	9199342	209.5	0
393	9199342	209.5	0
393	9199342	209.5	0
393	9199342	209.5	0
393	9199342	209.5	0
393	9450351	214.5	0
393	9450351	214.5	0
393	9450351	214.5	0
393	9450351	214.5	0
393	9450351	214.5	0
393	9450351	214.5	0
393	9450351	214.5	0
393	9450351	214.5	0
393	9450351	214.5	0
393	9450351	214.5	0
393	9450351	214.5	0
393	9450351	214.5	0
393	9450351	214.5	0
393	9450351	214.5	0
393	9450351	214.5	0
393	9450351	214.5	0
393	9450351	214.5	0
393	9450351	214.5	0
393	9450351	214.5	0
393	9450351	214.5	0
393	9450351	214.5	0
393	9450351	214.5	0
393	9450351	214.5	0
393	9450351	214.5	0
393	9450351	214.5	0
393	9450351	214.5	0
393	9450351	214.5	0
393	9450351	214.5	0
393	9685936	219.5	0
393	9685936	219.5	0
393	9685936	219.5	0
393	9685936	219.5	0
393	9685936	219.5	0
393	9685936	219.5	0
393	9685936	219.5	0
393	9685936	219.5	0
393	9685936	219.5	0
393	9685936	219.5	0
393	9685936	219.5	0
393	9685936	219.5	0
393	9685936	219.5	0
393	9685936	219.5	0
393	9685936	219.5	0
393	9685936	219.5	0
393	9685936	219.5	0
393	9685936	219.5	0
393	9685936	219.5	0
393	9685936	219.5	0
393	9685936	219.5	0
393	9685936	219.5	0
393	9685936	219.5	0
393	9685936	219.5	0
393	9685936	219.5	0
393	9685936	219.5	0
393	9685936	219.5	0
393	9685936	219.5	0
393	9923168	224.5	0
393	9923168	224.5	0
393	9923168	224.5	0
393	9923168	224.5	0
393	9923168	224.5	0
393	9923168	224.5	0
393	9923168	224.5	0
393	9923168	224.5	0
393	9923168	224.5	0
393	9923168	224.5	0
393	9923168	224.5	0
393	9923168	224.5	0
393	9923168	224.5	0
393	9923168	224.5	0
393	9923168	224.5	0
393	9923168	224.5	0
393	9923168	224.5	0
393	9923168	224.5	0
393	9923168	224.5	0
393	9923168	224.5	0
393	9923168	224.5	0
393	9923168	224.5	0
393	9923168	224.5	0
393	9923168	224.5	0
393	9923168	224.5	0
393	9923168	224.5	0
393	9923168	224.5	0
393	9923168	224.5	0
393	10161547	229.5	0
393	10161547	229.5	0
393	10161547	229.5	0
393	10161547	229.5	0
393	10161547	229.5	0
393	10161547	229.5	0
393	10161547	229.5	0
393	10161547	229.5	0
393	10161547	229.5	0
393	10161547	229.5	0
393	10161547	229.5	0
393	10161547	229.5	0
393	10161547	229.5	0
393	10161547	229.5	0
393	10161547	229.5	0
393	10161547	229.5	0
393	10161547	229.5	0
393	10161547	229.5	0
393	10161547	229.5	0
393	10161547	229.5	0
393	10161547	229.5	0
393	10161547	229.5	0
393	10161547	229.5	0
393	10161547	229.5	0
393	10161547	229.5	0
393	10161547	229.5	0
393	10161547	229.5	0
393	10161547	229.5	0
393	10393971	234.5	0
393	10393971	234.5	0
393	10393971	234.5	0
393	10393971	234.5	0
393	10393971	234.5	0
393	10393971	234.5	0
393	10393971	234.5	0
393	10393971	234.5	0
393	10393971	234.5	0
393	10393971	234.5	0
393	10393971	234.5	0
393	10393971	234.5	0
393	10393971	234.5	0
393	10393971	234.5	0
393	10393971	234.5	0
393	10393971	234.5	0
393	10393971	234.5	0
393	10393971	234.5	0
393	10393971	234.5	0
393	10393971	234.5	0
393	10393971	234.5	0
393	10393971	234.5	0
393	10393971	234.5	0
393	10393971	234.5	0
393	10393971	234.5	0
393	10393971	234.5	0
393	10393971	234.5	0
393	10393971	234.5	0
393	10623006	239.5	0
393	10623006	239.5	0
393	10623006	239.5	0
393	10623006	239.5	0
393	10623006	239.5	0
393	10623006	239.5	0
393	10623006	239.5	0
393	10623006	239.5	0
393	10623006	239.5	0
393	10623006	239.5	0
393	10623006	239.5	0
393	10623006	239.5	0
393	10623006	239.5	0
393	10623006	239.5	0
393	10623006	239.5	0
393	10623006	239.5	0
393	10623006	239.5	0
393	10623006	239.5	0
393	10623006	239.5	0
393	10623006	239.5	0
393	10623006	239.5	0
393	10623006	239.5	0
393	10623006	239.5	0
393	10623006	239.5	0
393	10623006	239.5	0
393	10623006	239.5	0
393	10623006	239.5	0
393	10623006	239.5	0
393	10853021	244.5	0
393	10853021	244.5	0
393	10853021	244.5	0
393	10853021	244.5	0
393	10853021	244.5	0
393	10853021	244.5	0
393	10853021	244.5	0
393	10853021	244.5	0
393	10853021	244.5	0
393	10853021	244.5	0
393	10853021	244.5	0
393	10853021	244.5	0
393	10853021	244.5	0
393	10853021	244.5	0
393	10853021	244.5	0
393	10853021	244.5	0
393	10853021	244.5	0
393	10853021	244.5	0
393	10853021	244.5	0
393	10853021	244.5	0
393	10853021	244.5	0
393	10853021	244.5	0
393	10853021	244.5	0
393	10853021	244.5	0
393	10853021	244.5	0
393	10853021	244.5	0
393	10853021	244.5	0
393	10853021	244.5	0
393	11081672	249.5	0
393	11081672	249.5	0
393	11081672	249.5	0
393	11081672	249.5	0
393	11081672	249.5	0
393	11081672	249.5	0
393	11081672	249.5	0
393	11081672	249.5	0
393	11081672	249.5	0
393	11081672	249.5	0
393	11081672	249.5	0
393	11081672	249.5	0
393	11081672	249.5	0
393	11081672	249.5	0
393	11081672	249.5	0
393	11081672	249.5	0
393	11081672	249.5	0
393	11081672	249.5	0
393	11081672	249.5	0
393	11081672	249.5	0
393	11081672	249.5	0
393	11081672	249.5	0
393	11081672	249.5	0
393	11081672	249.5	0
393	11081672	249.5	0
393	11081672	249.5	0
393	11081672	249.5	0
393	11081672	249.5	0
393	11317223	254.5	0
393	11317223	254.5	0
393	11317223	254.5	0
393	11317223	254.5	0
393	11317223	254.5	0
393	11317223	254.5	0
393	11317223	254.5	0
393	11317223	254.5	0
393	11317223	254.5	0
393	11317223	254.5	0
393	11317223	254.5	0
393	11317223	254.5	0
393	11317223	254.5	0
393	11317223	254.5	0
393	11317223	254.5	0
393	11317223	254.5	0
393	11317223	254.5	0
393	11317223	254.5	0
393	11317223	254.5	0
393	11317223	254.5	0
393	11317223	254.5	0
393	11317223	254.5	0
393	11317223	254.5	0
393	11317223	254.5	0
393	11317223	254.5	0
393	11317223	254.5	0
393	11317223	254.5	0
393	11317223	254.5	0
393	11549101	259.5	0
393	11549101	259.5	0
393	11549101	259.5	0
393	11549101	259.5	0
393	11549101	259.5	0
393	11549101	259.5	0
393	11549101	259.5	0
393	11549101	259.5	0
393	11549101	259.5	0
393	11549101	259.5	0
393	11549101	259.5	0
393	11549101	259.5	0
393	11549101	259.5	0
393	11549101	259.5	0
393	11549101	259.5	0
393	11549101	259.5	0
393	11549101	259.5	0
393	11549101	259.5	0
393	11549101	259.5	0
393	11549101	259.5	0
393	11549101	259.5	0
393	11549101	259.5	0
393	11549101	259.5	0
393	11549101	259.5	0
393	11549101	259.5	0
393	11549101	259.5	0
393	11549101	259.5	0
393	11549101	259.5	0
393	11787521	264.5	0
393	11787521	264.5	0
393	11787521	264.5	0
393	11787521	264.5	0
393	11787521	264.5	0
393	11787521	264.5	0
393	11787521	264.5	0
393	11787521	264.5	0
393	11787521	264.5	0
393	11787521	264.5	0
393	11787521	264.5	0
393	11787521	264.5	0
393	11787521	264.5	0
393	11787521	264.5	0
393	11787521	264.5	0
393	11787521	264.5	0
393	11787521	264.5	0
393	11787521	264.5	0
393	11787521	264.5	0
393	11787521	264.5	0
393	11787521	264.5	0
393	11787521	264.5	0
393	11787521	264.5	0
393	11787521	264.5	0
393	11787521	264.5	0
393	11787521	264.5	0
393	11787521	264.5	0
393	11787521	264.5	0
393	12029127	269.5	0
393	12029127	269.5	0
393	12029127	269.5	0
393	12029127	269.5	0
393	12029127	269.5	0
393	12029127	269.5	0
393	12029127	269.5	0
393	12029127	269.5	0
393	12029127	269.5	0
393	12029127	269.5	0
393	12029127	269.5	0
393	12029127	269.5	0
393	12029127	269.5	0
393	12029127	269.5	0
393	12029127	269.5	0
393	12029127	269.5	0
393	12029127	269.5	0
393	12029127	269.5	0
393	12029127	269.5	0
393	12029127	269.5	0
393	12029127	269.5	0
393	12029127	269.5	0
393	12029127	269.5	0
393	12029127	269.5	0
393	12029127	269.5	0
393	12029127	269.5	0
393	12029127	269.5	0
393	12029127	269.5	0
393	12291717	274.5	0
393	12291717	274.5	0
393	12291717	274.5	0
393	12291717	274.5	0
393	12291717	274.5	0
393	12291717	274.5	0
393	12291717	274.5	0
393	12291717	274.5	0
393	12291717	274.5	0
393	12291717	274.5	0
393	12291717	274.5	0
393	12291717	274.5	0
393	12291717	274.5	0
393	12291717	274.5	0
393	12291717	274.5	0
393	12291717	274.5	0
393	12291717	274.5	0
393	12291717	274.5	0
393	12291717	274.5	0
393	12291717	274.5	0
393	12291717	274.5	0
393	12291717	274.5	0
393	12291717	274.5	0
393	12291717	274.5	0
393	12291717	274.5	0
393	12291717	274.5	0
393	12291717	274.5	0
393	12291717	274.5	0
393	12532122	279.5	0
393	12532122	279.5	0
393	12532122	279.5	0
393	12532122	279.5	0
393	12532122	279.5	0
393	12532122	279.5	0
393	12532122	279.5	0
393	12532122	279.5	0
393	12532122	279.5	0
393	12532122	279.5	0
393	12532122	279.5	0
393	12532122	279.5	0
393	12532122	279.5	0
393	12532122	279.5	0
393	12532122	279.5	0
393	12532122	279.5	0
393	12532122	279.5	0
393	12532122	279.5	0
393	12532122	279.5	0
393	12532122	279.5	0
393	12532122	279.5	0
393	12532122	279.5	0
393	12532122	279.5	0
393	12532122	279.5	0
393	12532122	279.5	0
393	12532122	279.5	0
393	12532122	279.5	0
393	12532122	279.5	0
393	12761388	284.5	0
393	12761388	284.5	0
393	12761388	284.5	0
393	12761388	284.5	0
393	12761388	284.5	0
393	12761388	284.5	0
393	12761388	284.5	0
393	12761388	284.5	0
393	12761388	284.5	0
393	12761388	284.5	0
393	12761388	284.5	0
393	12761388	284.5	0
393	12761388	284.5	0
393	12761388	284.5	0
393	12761388	284.5	0
393	12761388	284.5	0
393	12761388	284.5	0
393	12761388	284.5	0
393	12761388	284.5	0
393	12761388	284.5	0
393	12761388	284.5	0
393	12761388	284.5	0
393	12761388	284.5	0
393	12761388	284.5	0
393	12761388	284.5	0
393	12761388	284.5	0
393	12761388	284.5	0
393	12761388	284.5	0
393	12992934	289.5	0
393	12992934	289.5	0
393	12992934	289.5	0
393	12992934	289.5	0
393	12992934	289.5	0
393	12992934	289.5	0
393	12992934	289.5	0
393	12992934	289.5	0
393	12992934	289.5	0
393	12992934	289.5	0
393	12992934	289.5	0
393	12992934	289.5	0
393	12992934	289.5	0
393	12992934	289.5	0
393	12992934	289.5	0
393	12992934	289.5	0
393	12992934	289.5	0
393	12992934	289.5	0
393	12992934	289.5	0
393	12992934	289.5	0
393	12992934	289.5	0
393	12992934	289.5	0
393	12992934	289.5	0
393	12992934	289.5	0
393	12992934	289.5	0
393	12992934	289.5	0
393	12992934	289.5	0
393	12992934	289.5	0
393	13220671	294.5	0
393	13220671	294.5	0
393	13220671	294.5	0
393	13220671	294.5	0
393	13220671	294.5	0
393	13220671	294.5	0
393	13220671	294.5	0
393	13220671	294.5	0
393	13220671	294.5	0
393	13220671	294.5	0
393	13220671	294.5	0
393	13220671	294.5	0
393	13220671	294.5	0
393	13220671	294.5	0
393	13220671	294.5	0
393	13220671	294.5	0
393	13220671	294.5	0
393	13220671	294.5	0
393	13220671	294.5	0
393	13220671	294.5	0
393	13220671	294.5	0
393	13220671	294.5	0
393	13220671	294.5	0
393	13220671	294.5	0
393	13220671	294.5	0
393	13220671	294.5	0
393	13220671	294.5	0
393	13220671	294.5	0
393	13461794	299.5	0
393	13461794	299.5	0
393	13461794	299.5	0
393	13461794	299.5	0
393	13461794	299.5	0
393	13461794	299.5	0
393	13461794	299.5	0
393	13461794	299.5	0
393	13461794	299.5	0
393	13461794	299.5	0
393	13461794	299.5	0
393	13461794	299.5	0
393	13461794	299.5	0
393	13461794	299.5	0
393	13461794	299.5	0
393	13461794	299.5	0
393	13461794	299.5	0
393	13461794	299.5	0
393	13461794	299.5	0
393	13461794	299.5	0
393	13461794	299.5	0
393	13461794	299.5	0
393	13461794	299.5	0
393	13461794	299.5	0
393	13461794	299.5	0
393	13461794	299.5	0
393	13461794	299.5	0
393	13461794	299.5	0
